100
33
22
44
55
11
33
22
44
55
11
33
22
44
55
11
33
22
44
55
11
33
22
44
55
11
33
22
44
55
11
33
22
44
55
11
33
22
44
55
11
33
22
44
55
11
33
22
44
55
11
33
22
44
55
11
33
22
44
55
11
33
22
44
55
11
33
22
44
55
11
33
22
44
55
11
33
22
44
55
11
33
22
44
55
11
33
22
44
55
11
33
22
44
55
11
33
22
44
55
11
20
1 1 2 8
1 2 3 8
1 3 4 8
1 4 5 8
1 2 100 8
1 3 99 -8
1 4 98 -8
1 5 97 -8
1 6 96 -8
1 7 95 -8
1 3 88 8
1 4 5 8
1 2 100 8
1 99 100 -8
1 98 100 -8
1 97 100 -8
2 65
2 43
2 21
2 45