39 
100 54 34 47 29 62 40 71 88 13 55 65 41 10 60 35 4 66 40 95 80 78 82 2 43 14 20 60 10 16 94 55 76 21 96 11 43 43 45 100 
1 8 20 
0 1 4 72 
1 24 30 
0 6 30 44 
1 24 28 
1 22 33 
0 20 39 44 
0 23 30 20 
1 18 36 
1 15 24 
0 5 18 9 
0 8 26 74 
1 12 14 
1 25 30 
1 2 23 
0 15 20 46 
0 1 17 8 
1 1 3 
1 37 38 
1 19 21 
1 28 30 
1 13 28 
1 14 17 
1 13 17 
1 16 39 
0 16 23 77 
1 11 27 
0 13 39 40 
1 21 25 
1 9 20 
1 4 20 
0 25 32 56 
1 7 25 
1 10 29 
0 12 18 9 
1 10 32 
0 6 12 31 
0 19 35 40 
1 25 27 
0 3 16 62 
0 17 24 72 
0 8 29 6 
1 11 28 
0 30 35 41 
0 35 36 80 
1 29 36 
0 29 32 84 
1 11 26 
0 14 16 68 
0 17 38 94 
0 10 15 26 
0 8 37 10 
1 1 10 
1 3 22 
1 3 37 
0 5 27 23 
0 2 23 64 
0 23 25 42 
1 6 13 
0 10 31 18 
1 20 21 
0 11 36 33 
0 16 20 86 
1 3 31 
1 24 30 
0 1 7 87 
1 23 30 
1 4 6 
0 9 28 10 
1 8 15 
1 8 36 
1 16 30 
1 15 21 
1 19 34 
1 11 14 
1 22 38 
1 8 19 
1 9 19 
1 14 31 
1 9 32 
0 27 39 27 
1 9 36 
1 23 25 
1 14 26 
1 11 19 
1 1 17 
1 26 36 
0 26 29 18 
1 10 13 
1 1 9 
0 35 35 38 
0 5 26 78 
1 12 22 
1 4 37 
1 19 38 
1 2 4 
1 18 34 
1 12 39 
1 20 32 
1 18 28